{"nbformat":4,"nbformat_minor":0,"metadata":{"colab":{"provenance":[],"authorship_tag":"ABX9TyNdrHlvY6tbnEd7c1yGqXDr"},"kernelspec":{"name":"python3","display_name":"Python 3"},"language_info":{"name":"python"}},"cells":[{"cell_type":"code","source":["from google.colab import drive\n","drive.mount('/content/drive')"],"metadata":{"colab":{"base_uri":"https://localhost:8080/"},"id":"rAKup3Q7yF2l","executionInfo":{"status":"ok","timestamp":1753148350090,"user_tz":240,"elapsed":24402,"user":{"displayName":"Qingqing Yang","userId":"05661460871607519002"}},"outputId":"b5a22342-cc9f-4ba9-c980-899955e15088"},"execution_count":1,"outputs":[{"output_type":"stream","name":"stdout","text":["Mounted at /content/drive\n"]}]},{"cell_type":"code","execution_count":4,"metadata":{"colab":{"base_uri":"https://localhost:8080/"},"id":"RtXQHIvYyCAX","executionInfo":{"status":"ok","timestamp":1753148371880,"user_tz":240,"elapsed":2572,"user":{"displayName":"Qingqing Yang","userId":"05661460871607519002"}},"outputId":"b33bd444-61e2-4b24-fe23-f677da6e7aa3"},"outputs":[{"output_type":"stream","name":"stdout","text":["Layers saved: ['x', 'conv1.0', 'conv1.1', 'conv1.2', 'conv2.0', 'conv2.1', 'conv2.2', 'conv3.0', 'conv3.1', 'conv4.0', 'conv4.1', 'conv5.0', 'conv5.1', 'conv5.2', 'fc1', 'fc2', 'fc3', 'softmax']\n"]}],"source":["import numpy as np\n","loaded = np.load('drive/MyDrive/Neuromatch_25/rdms_by_layer.npz')\n","\n","# List all layers stored\n","print(\"Layers saved:\", loaded.files)\n","\n","# Access a specific RDM, e.g. for 'softmax'\n","softmax_rdm = loaded['softmax']"]},{"cell_type":"code","source":["softmax_rdm"],"metadata":{"colab":{"base_uri":"https://localhost:8080/"},"id":"aRzmqyQqySjd","executionInfo":{"status":"ok","timestamp":1753148379668,"user_tz":240,"elapsed":6,"user":{"displayName":"Qingqing Yang","userId":"05661460871607519002"}},"outputId":"af548060-f4ff-453f-ef80-cda08aa65790"},"execution_count":5,"outputs":[{"output_type":"execute_result","data":{"text/plain":["array([[ 0.00000000e+00,  0.00000000e+00, -1.19209290e-07, ...,\n","         1.11110663e+00,  1.11390185e+00,  1.11115348e+00],\n","       [ 0.00000000e+00,  0.00000000e+00,  0.00000000e+00, ...,\n","         1.11111140e+00,  1.11390674e+00,  1.11115825e+00],\n","       [-1.19209290e-07,  0.00000000e+00,  0.00000000e+00, ...,\n","         1.11111081e+00,  1.11390615e+00,  1.11115766e+00],\n","       ...,\n","       [ 1.11110663e+00,  1.11111140e+00,  1.11111081e+00, ...,\n","         0.00000000e+00,  1.36673450e-04,  1.19209290e-07],\n","       [ 1.11390185e+00,  1.11390674e+00,  1.11390615e+00, ...,\n","         1.36673450e-04,  0.00000000e+00,  1.32441521e-04],\n","       [ 1.11115348e+00,  1.11115825e+00,  1.11115766e+00, ...,\n","         1.19209290e-07,  1.32441521e-04,  0.00000000e+00]])"]},"metadata":{},"execution_count":5}]},{"cell_type":"code","source":[],"metadata":{"id":"CgP680eeyVG4"},"execution_count":null,"outputs":[]}]}